46.782 47.782
52.5167 53.5167
63.6705 64.6705
8.54712 9.54712
66.6214 67.6214
55.749 56.749
69.9346 70.9346
66.5907 67.5907
85.7483 86.7483
28.9799 29.9799
2.9414 3.9414
31.6041 32.6041
56.6362 57.6362
23.6004 24.6004
92.9748 93.9748
15.5733 16.5733
32.5351 33.5351
43.5317 44.5317
50.8219 51.8219
93.8221 94.8221
30.6153 31.6153
96.7093 97.7093
52.7277 53.7277
63.6882 64.6882
86.667 87.667
50.769 51.769
25.9295 26.9295
21.6808 22.6808
51.7833 52.7833
43.829 44.829
61.9313 62.9313
98.5653 99.5653
94.8305 95.8305
26.6018 27.6018
6.5973 7.5973
60.9368 61.9368
80.8356 81.8356
76.5319 77.5319
28.5275 29.5275
68.5839 69.5839
4.99657 5.99657
29.9537 30.9537
98.6728 99.6728
61.6328 62.6328
53.5542 54.5542
93.6476 94.6476
76.6909 77.6909
84.5741 85.5741
36.6642 37.6642
26.9976 27.9976
78.8811 79.8811
65.7644 66.7644
24.7069 25.7069
32.6088 33.6088
28.9374 29.9374
10.8588 11.8588
82.8626 83.8626
55.867 56.867
32.5396 33.5396
35.646 36.646
0.69591 1.69591
92.9557 93.9557
33.6961 34.6961
95.5264 96.5264
21.5575 22.5575
38.7783 39.7783
55.948 56.948
1.87798 2.87798
14.795 15.795
82.9604 83.9604
68.9467 69.9467
19.7916 20.7916
13.9141 14.9141
69.6195 70.6195
80.9092 81.9092
65.9531 66.9531
62.752 63.752
58.6001 59.6001
52.5272 53.5272
97.9011 98.9011
85.5977 86.5977
30.8931 31.8931
64.6655 65.6655
10.7895 11.7895
61.9868 62.9868
93.6029 94.6029
21.6483 22.6483
45.8494 46.8494
48.9547 49.9547
53.6727 54.6727
79.9802 80.9802
49.6506 50.6506
47.6285 48.6285
14.6764 15.6764
44.6619 45.6619
67.6709 68.6709
51.9395 52.9395
1.60993 2.60993
70.5488 71.5488
66.7345 67.7345
84.5703 85.5703
38.9804 39.9804
87.5261 88.5261
96.9692 97.9692
9.59988 10.5999
67.9201 68.9201
64.9224 65.9224
70.8367 71.8367
27.5202 28.5202
16.9344 17.9344
69.7378 70.7378
12.6028 13.6028
47.8276 48.8276
33.8881 34.8881
21.8772 22.8772
10.8143 11.8143
27.9759 28.9759
44.5255 45.5255
57.6638 58.6638
76.9306 77.9306
96.6831 97.6831
38.644 39.644
28.5812 29.5812
43.7964 44.7964
52.8052 53.8052
71.728 72.728
11.9521 12.9521
5.74474 6.74474
72.8228 73.8228
80.9858 81.9858
71.9641 72.9641
56.8779 57.8779
20.9661 21.9661
58.975 59.975
55.8471 56.8471
31.566 32.566
27.8951 28.8951
21.7695 22.7695
1.88761 2.88761
53.9002 54.9002
38.704 39.704
72.6254 73.6254
64.9879 65.9879
86.5315 87.5315
5.9984 6.9984
87.865 88.865
95.8307 96.8307
33.9743 34.9743
31.8753 32.8753
52.9793 53.9793
12.9049 13.9049
29.5584 30.5584
92.6233 93.6233
39.971 40.971
71.8396 72.8396
44.9134 45.9134
12.699 13.699
83.7917 84.7917
50.6581 51.6581
85.5218 86.5218
65.7775 66.7775
23.6222 24.6222
42.8845 43.8845
87.7436 88.7436
82.5972 83.5972
98.7317 99.7317
18.7945 19.7945
9.97724 10.9772
19.986 20.986
20.6821 21.6821
63.8775 64.8775
58.69 59.69
91.7924 92.7924
30.8653 31.8653
44.7064 45.7064
98.7908 99.7908
19.7303 20.7303
41.5371 42.5371
33.7651 34.7651
51.6057 52.6057
95.5164 96.5164
46.67 47.67
79.6489 80.6489
87.6246 88.6246
86.641 87.641
50.9734 51.9734
33.5379 34.5379
98.8248 99.8248
36.7651 37.7651
82.6809 83.6809
83.8314 84.8314
3.54259 4.54259
6.78793 7.78793
27.716 28.716
89.7711 90.7711
87.87 88.87
25.9325 26.9325
9.56556 10.5656
98.8473 99.8473
45.9185 46.9185
29.7325 30.7325
63.7247 64.7247
5.60855 6.60855
22.5249 23.5249
94.59 95.59
48.7998 49.7998
20.8005 21.8005
13.8052 14.8052
89.8217 90.8217
55.5656 56.5656
63.8958 64.8958
84.823 85.823
1.72042 2.72042
44.5447 45.5447
71.9324 72.9324
87.8462 88.8462
96.5181 97.5181
4.95517 5.95517
87.6711 88.6711
32.7681 33.7681
87.636 88.636
70.9873 71.9873
34.7955 35.7955
92.9088 93.9088
0.703308 1.70331
26.5666 27.5666
82.7788 83.7788
26.6358 27.6358
34.617 35.617
82.6261 83.6261
73.5544 74.5544
62.8344 63.8344
45.8357 46.8357
77.6478 78.6478
84.8441 85.8441
40.9106 41.9106
26.9324 27.9324
6.64466 7.64466
54.7158 55.7158
17.7541 18.7541
60.6951 61.6951
20.6116 21.6116
3.57708 4.57708
61.9004 62.9004
63.6411 64.6411
73.9943 74.9943
50.7466 51.7466
59.6441 60.6441
78.9495 79.9495
37.9025 38.9025
90.897 91.897
67.5855 68.5855
9.88987 10.8899
27.6925 28.6925
60.9792 61.9792
10.5932 11.5932
52.7439 53.7439
44.7581 45.7581
36.7138 37.7138
85.8458 86.8458
26.869 27.869
9.75303 10.753
50.6801 51.6801
72.7047 73.7047
85.8856 86.8856
36.5243 37.5243
14.6153 15.6153
13.818 14.818
41.6538 42.6538
68.8159 69.8159
31.5721 32.5721
2.83372 3.83372
87.9123 88.9123
33.634 34.634
64.7341 65.7341
52.5534 53.5534
8.62837 9.62837
14.9656 15.9656
12.6824 13.6824
87.5779 88.5779
52.8681 53.8681
4.57935 5.57935
55.6482 56.6482
62.758 63.758
30.7567 31.7567
17.6274 18.6274
72.836 73.836
81.9855 82.9855
60.8703 61.8703
10.5498 11.5498
69.8313 70.8313
87.7394 88.7394
18.7877 19.7877
19.9962 20.9962
59.9289 60.9289
5.67332 6.67332
56.5205 57.5205
75.5441 76.5441
18.9762 19.9762
96.6591 97.6591
43.8449 44.8449
50.5483 51.5483
97.9776 98.9776
32.7572 33.7572
83.6672 84.6672
63.7117 64.7117
83.7955 84.7955
90.7804 91.7804
78.6773 79.6773
94.9627 95.9627
78.8431 79.8431
32.5454 33.5454
1.54204 2.54204
33.9762 34.9762
94.7882 95.7882
30.7836 31.7836
51.6036 52.6036
68.6242 69.6242
14.7691 15.7691
11.9588 12.9588
77.6589 78.6589
84.6003 85.6003
0.698164 1.69816
94.9314 95.9314
5.59656 6.59656
60.6271 61.6271
1.6047 2.6047
60.6019 61.6019
35.656 36.656
20.5809 21.5809
56.7458 57.7458
77.9858 78.9858
70.614 71.614
56.7235 57.7235
11.743 12.743
53.766 54.766
19.9201 20.9201
96.5385 97.5385
45.5464 46.5464
0.597375 1.59737
90.986 91.986
23.8744 24.8744
31.6276 32.6276
92.5281 93.5281
57.8505 58.8505
25.9007 26.9007
23.7965 24.7965
8.939 9.939
94.5249 95.5249
38.5656 39.5656
20.8978 21.8978
71.6686 72.6686
22.6507 23.6507
21.596 22.596
67.6 68.6
26.7322 27.7322
81.7079 82.7079
68.6895 69.6895
85.8189 86.8189
16.8488 17.8488
87.7552 88.7552
43.5647 44.5647
95.8346 96.8346
57.8541 58.8541
98.773 99.773
8.57756 9.57756
12.6201 13.6201
20.6931 21.6931
4.60088 5.60088
57.6514 58.6514
19.7753 20.7753
96.5869 97.5869
81.5257 82.5257
49.8878 50.8878
88.5998 89.5998
39.8611 40.8611
76.7885 77.7885
11.8811 12.8811
48.8001 49.8001
70.7982 71.7982
48.9316 49.9316
70.6979 71.6979
42.9516 43.9516
71.5823 72.5823
90.7788 91.7788
11.5516 12.5516
96.7993 97.7993
71.9715 72.9715
78.726 79.726
83.6182 84.6182
89.8203 90.8203
66.9661 67.9661
27.6678 28.6678
86.6548 87.6548
25.8202 26.8202
25.9256 26.9256
93.7172 94.7172
37.9251 38.9251
46.6187 47.6187
97.803 98.803
95.5765 96.5765
64.8788 65.8788
93.8747 94.8747
76.5871 77.5871
16.7666 17.7666
81.9594 82.9594
15.933 16.933
93.5551 94.5551
94.8405 95.8405
65.7331 66.7331
63.8382 64.8382
44.7721 45.7721
35.9159 36.9159
7.7898 8.7898
16.8392 17.8392
27.6947 28.6947
18.8263 19.8263
14.6385 15.6385
1.66613 2.66613
97.5522 98.5522
97.7416 98.7416
89.9712 90.9712
65.5183 66.5183
24.8942 25.8942
77.6261 78.6261
90.8233 91.8233
50.8198 51.8198
70.8281 71.8281
29.7485 30.7485
96.9234 97.9234
69.6311 70.6311
24.8098 25.8098
62.8022 63.8022
62.9906 63.9906
0.881744 1.88174
79.5688 80.5688
46.95 47.95
17.8148 18.8148
72.6088 73.6088
42.7905 43.7905
83.5479 84.5479
36.9318 37.9318
87.5626 88.5626
18.9487 19.9487
44.7216 45.7216
3.88664 4.88664
46.6433 47.6433
63.5478 64.5478
19.5252 20.5252
46.7943 47.7943
61.5849 62.5849
16.7516 17.7516
37.7655 38.7655
26.5881 27.5881
41.6458 42.6458
14.8764 15.8764
16.8963 17.8963
90.9505 91.9505
86.7046 87.7046
46.6447 47.6447
88.8738 89.8738
55.8205 56.8205
69.9394 70.9394
53.676 54.676
20.8111 21.8111
71.8212 72.8212
32.7297 33.7297
67.7611 68.7611
89.6359 90.6359
5.82332 6.82332
11.5516 12.5516
72.6687 73.6687
42.7551 43.7551
97.599 98.599
91.6173 92.6173
85.9615 86.9615
1.97053 2.97053
37.7455 38.7455
49.9942 50.9942
19.9806 20.9806
85.5398 86.5398
12.5791 13.5791
36.7322 37.7322
22.7902 23.7902
37.6521 38.6521
76.8629 77.8629
38.6666 39.6666
55.5483 56.5483
68.8133 69.8133
24.856 25.856
1.67791 2.67791
59.6872 60.6872
80.6765 81.6765
72.6173 73.6173
12.8481 13.8481
0.972495 1.9725
43.9233 44.9233
45.5778 46.5778
68.7336 69.7336
34.5593 35.5593
