43.1341 53.1341
89.0778 99.0778
20.3571 30.3571
27.7687 37.7687
37.6859 47.6859
53.0096 63.0096
34.8698 44.8698
39.7372 49.7372
5.42301 15.423
23.5666 33.5666
14.4906 24.4906
87.174 97.174
78.6496 88.6496
31.8647 41.8647
15.7229 25.7229
33.2151 43.2151
10.4863 20.4863
10.0626 20.0626
36.2603 46.2603
66.6023 76.6023
12.1036 22.1036
10.1334 20.1334
62.6885 72.6885
15.4031 25.4031
3.87738 13.8774
80.9245 90.9245
72.1583 82.1583
46.8065 56.8065
18.4924 28.4924
45.3052 55.3052
86.2644 96.2644
20.0709 30.0709
44.383 54.383
16.6215 26.6215
47.8396 57.8396
41.5134 51.5134
69.631 79.631
42.1539 52.1539
81.2506 91.2506
34.4985 44.4985
65.7205 75.7205
54.1856 64.1856
80.1169 90.1169
13.8146 23.8146
87.0504 97.0504
5.83981 15.8398
47.0297 57.0297
7.53665 17.5367
64.3468 74.3468
41.7344 51.7344
32.5834 42.5834
77.4504 87.4504
51.8678 61.8678
5.2719 15.2719
51.298 61.298
55.7451 65.7451
44.6409 54.6409
33.4562 43.4562
12.5516 22.5516
64.1332 74.1332
78.7614 88.7614
57.2604 67.2604
84.2042 94.2042
82.5889 92.5889
74.8819 84.8819
1.48825 11.4882
34.1023 44.1023
54.5129 64.5129
43.6422 53.6422
73.7973 83.7973
47.4558 57.4558
67.8071 77.8071
37.9829 47.9829
37.5727 47.5727
81.6216 91.6216
83.4777 93.4777
43.4125 53.4125
38.6513 48.6513
49.4588 59.4588
18.7593 28.7593
81.3857 91.3857
82.0423 92.0423
54.6542 64.6542
1.69791 11.6979
88.3142 98.3142
15.9521 25.9521
58.4431 68.4431
1.39948 11.3995
7.85278 17.8528
29.4391 39.4391
65.5327 75.5327
45.0586 55.0586
46.144 56.144
19.1813 29.1813
37.6475 47.6475
31.0259 41.0259
69.114 79.114
30.1942 40.1942
85.5388 95.5388
22.7562 32.7562
13.9915 23.9915
2.43906 12.4391
49.0077 59.0077
11.4188 21.4188
40.0118 50.0118
41.6294 51.6294
53.341 63.341
84.4243 94.4243
38.7251 48.7251
13.7999 23.7999
61.628 71.628
78.5553 88.5553
54.2866 64.2866
74.7267 84.7267
81.2532 91.2532
11.0452 21.0452
49.1232 59.1232
8.14066 18.1407
13.4446 23.4446
56.976 66.976
86.0242 96.0242
37.4218 47.4218
12.0346 22.0346
42.1682 52.1682
15.0476 25.0476
9.12657 19.1266
73.1941 83.1941
84.1616 94.1616
39.3208 49.3208
28.1774 38.1774
65.3622 75.3622
12.7567 22.7567
30.6164 40.6164
25.3699 35.3699
24.1755 34.1755
29.0726 39.0726
66.9993 76.9993
77.5166 87.5166
23.4969 33.4969
15.7244 25.7244
49.7609 59.7609
43.5694 53.5694
5.27966 15.2797
15.0474 25.0474
76.7405 86.7405
44.9773 54.9773
26.0926 36.0926
35.8637 45.8637
53.1179 63.1179
39.5372 49.5372
51.2842 61.2842
49.1422 59.1422
77.959 87.959
64.3188 74.3188
50.7549 60.7549
3.00662 13.0066
73.4454 83.4454
33.949 43.949
46.6127 56.6127
71.2106 81.2106
20.5708 30.5708
21.9749 31.9749
83.9673 93.9673
9.63165 19.6316
47.3449 57.3449
66.5873 76.5873
39.7043 49.7043
24.3442 34.3442
13.5483 23.5483
21.6456 31.6456
89.513 99.513
63.3092 73.3092
66.215 76.215
53.2371 63.2371
36.801 46.801
11.4 21.4
8.21438 18.2144
63.8936 73.8936
48.2637 58.2637
19.7768 29.7768
61.8753 71.8753
9.54789 19.5479
27.3634 37.3634
8.2788 18.2788
32.3111 42.3111
78.1182 88.1182
60.7299 70.7299
64.201 74.201
71.5117 81.5117
17.3425 27.3425
46.4116 56.4116
2.08244 12.0824
39.3175 49.3175
40.3788 50.3788
61.1585 71.1585
46.1068 56.1068
17.9661 27.9661
10.8628 20.8628
70.4509 80.4509
31.5144 41.5144
32.5085 42.5085
28.4084 38.4084
53.268 63.268
57.1679 67.1679
40.0899 50.0899
1.069 11.069
69.5679 79.5679
6.74877 16.7488
23.4071 33.4071
76.2761 86.2761
26.5255 36.5255
85.2824 95.2824
85.824 95.824
13.3333 23.3333
53.0056 63.0056
77.5796 87.5796
1.45157 11.4516
23.7355 33.7355
51.7805 61.7805
31.4077 41.4077
41.078 51.078
8.19208 18.1921
34.4901 44.4901
38.8399 48.8399
49.5709 59.5709
54.0931 64.0931
84.9467 94.9467
25.9815 35.9815
64.9559 74.9559
24.8421 34.8421
57.4958 67.4958
7.46435 17.4643
11.6949 21.6949
69.2083 79.2083
24.0767 34.0767
52.7848 62.7848
70.2773 80.2773
3.64466 13.6447
59.5336 69.5336
52.1288 62.1288
79.9208 89.9208
45.5036 55.5036
6.85559 16.8556
34.1892 44.1892
58.8369 68.8369
59.8612 69.8612
21.7687 31.7687
18.7329 28.7329
42.0412 52.0412
74.5493 84.5493
51.1406 61.1406
83.1192 93.1192
41.1858 51.1858
44.0752 54.0752
80.4036 90.4036
0.756715 10.7567
8.16824 18.1682
76.3503 86.3503
75.1826 85.1826
73.1241 83.1241
59.6368 69.6368
1.12289 11.1229
39.0329 49.0329
71.3317 81.3317
71.3311 81.3311
63.1097 73.1097
82.561 92.561
10.0528 20.0528
66.7543 76.7543
53.0946 63.0946
63.1816 73.1816
15.1195 25.1195
57.0426 67.0426
70.0372 80.0372
50.3087 60.3087
25.8796 35.8796
88.3429 98.3429
30.5219 40.5219
3.05695 13.057
40.384 50.384
15.0712 25.0712
54.1976 64.1976
81.9476 91.9476
57.257 67.257
8.27272 18.2727
72.3512 82.3512
16.4581 26.4581
16.441 26.441
17.1459 27.1459
2.64074 12.6407
48.0095 58.0095
35.2272 45.2272
3.76364 13.7636
88.0425 98.0425
17.5589 27.5589
33.5392 43.5392
19.5966 29.5966
10.1199 20.1199
44.5921 54.5921
87.3509 97.3509
21.6589 31.6589
66.2181 76.2181
60.9149 70.9149
37.146 47.146
46.2553 56.2553
21.2236 31.2236
63.0256 73.0256
3.04262 13.0426
11.1899 21.1899
67.0826 77.0826
43.4266 53.4266
26.2611 36.2611
79.7246 89.7246
35.3743 45.3743
41.9625 51.9625
88.9973 98.9973
66.1699 76.1699
17.8651 27.8651
63.8827 73.8827
42.7603 52.7603
68.9503 78.9503
71.3367 81.3367
77.9875 87.9875
31.1583 41.1583
27.8236 37.8236
5.5464 15.5464
65.6976 75.6976
47.4202 57.4202
65.1107 75.1107
20.2896 30.2896
3.2155 13.2155
45.2141 55.2141
86.5077 96.5077
65.1304 75.1304
83.3602 93.3602
1.20751 11.2075
44.7984 54.7984
14.8302 24.8302
4.25014 14.2501
55.9883 65.9883
40.3572 50.3572
6.12122 16.1212
41.6938 51.6938
31.0818 41.0818
89.9399 99.9399
42.1008 52.1008
78.5235 88.5235
24.5543 34.5543
59.9658 69.9658
10.8506 20.8506
67.3147 77.3147
87.3605 97.3605
82.1873 92.1873
56.3022 66.3022
29.5189 39.5189
20.0109 30.0109
20.293 30.293
5.21643 15.2164
26.8755 36.8755
43.8482 53.8482
25.5061 35.5061
30.091 40.091
48.5068 58.5068
70.4583 80.4583
53.6658 63.6658
41.8669 51.8669
30.1102 40.1102
9.46419 19.4642
15.1416 25.1416
82.8048 92.8048
23.8969 33.8969
56.4988 66.4988
88.926 98.926
65.5908 75.5908
46.025 56.025
47.3104 57.3104
67.136 77.136
34.5485 44.5485
71.8647 81.8647
37.1018 47.1018
45.3991 55.3991
50.1794 60.1794
35.4624 45.4624
87.0308 97.0308
64.926 74.926
23.4257 33.4257
65.4861 75.4861
43.6635 53.6635
28.6421 38.6421
2.36161 12.3616
88.5116 98.5116
12.5926 22.5926
81.897 91.897
47.0184 57.0184
41.4953 51.4953
45.5628 55.5628
47.3298 57.3298
71.6055 81.6055
13.4714 23.4714
62.4714 72.4714
64.4103 74.4103
38.3684 48.3684
77.4146 87.4146
21.7808 31.7808
62.4036 72.4036
33.4396 43.4396
69.0912 79.0912
39.5396 49.5396
26.4325 36.4325
9.40035 19.4003
36.0859 46.0859
31.2761 41.2761
18.0242 28.0242
71.5483 81.5483
76.7514 86.7514
82.9502 92.9502
53.4184 63.4184
52.2375 62.2375
86.0581 96.0581
82.0606 92.0606
14.0436 24.0436
84.5697 94.5697
53.0976 63.0976
5.94059 15.9406
0.0325936 10.0326
4.59294 14.5929
51.5034 61.5034
5.80681 15.8068
76.1985 86.1985
24.4193 34.4193
26.7226 36.7226
9.05324 19.0532
62.7877 72.7877
15.1372 25.1372
30.834 40.834
35.1913 45.1913
7.02122 17.0212
58.3696 68.3696
75.7309 85.7309
82.8982 92.8982
26.2144 36.2144
21.8168 31.8168
72.6187 82.6187
45.2386 55.2386
51.8096 61.8096
59.3701 69.3701
86.6332 96.6332
15.228 25.228
70.052 80.052
82.6913 92.6913
55.733 65.733
84.0956 94.0956
77.2611 87.2611
18.8306 28.8306
0.0361661 10.0362
35.7381 45.7381
23.4236 33.4236
10.984 20.984
41.5449 51.5449
58.0665 68.0665
35.4033 45.4033
69.2675 79.2675
67.1197 77.1197
56.6354 66.6354
42.8492 52.8492
56.3982 66.3982
50.2712 60.2712
8.31483 18.3148
73.2123 83.2123
36.0021 46.0021
49.6575 59.6575
9.42668 19.4267
16.2634 26.2634
32.2762 42.2762
54.6653 64.6653
26.5174 36.5174
1.64622 11.6462
52.2985 62.2985
0.18988 10.1899
72.6982 82.6982
44.9899 54.9899
55.9229 65.9229
25.2383 35.2383
81.6954 91.6954
33.198 43.198
26.2744 36.2744
75.8779 85.8779
15.066 25.066
85.7029 95.7029
28.4228 38.4228
73.1325 83.1325
79.5506 89.5506
56.1348 66.1348
50.2522 60.2522
4.63052 14.6305
57.4284 67.4284
65.0948 75.0948
54.9017 64.9017
24.1877 34.1877
48.3071 58.3071
