63 88
37 62
2 27
67 92
15 40
70 95
44 69
4 29
29 54
72 97
69 94
55 80
51 76
35 60
65 90
46 71
10 35
58 83
1 26
36 61
41 66
17 42
11 36
52 77
74 99
5 30
51 76
6 31
34 59
56 81
4 29
22 47
70 95
6 31
14 39
62 87
53 78
36 61
66 91
59 84
10 35
37 62
16 41
61 86
49 74
7 32
9 34
59 84
42 67
62 87
72 97
9 34
5 30
60 85
38 63
4 29
66 91
14 39
63 88
25 50
47 72
44 69
25 50
19 44
50 75
16 41
6 31
6 31
52 77
49 74
65 90
39 64
63 88
7 32
26 51
38 63
14 39
12 37
74 99
33 58
0 25
49 74
42 67
5 30
11 36
6 31
61 86
2 27
72 97
49 74
5 30
45 70
70 95
7 32
64 89
46 71
23 48
48 73
52 77
1 26
74 99
19 44
17 42
40 65
26 51
43 68
3 28
17 42
33 58
54 79
51 76
33 58
28 53
70 95
38 63
40 65
53 78
1 26
19 44
51 76
28 53
1 26
73 98
23 48
8 33
39 64
46 71
32 57
64 89
0 25
10 35
64 89
20 45
4 29
6 31
46 71
25 50
9 34
64 89
58 83
40 65
17 42
16 41
69 94
12 37
54 79
11 36
66 91
32 57
7 32
19 44
60 85
61 86
17 42
9 34
69 94
56 81
55 80
3 28
23 48
56 81
65 90
12 37
53 78
70 95
70 95
24 49
20 45
4 29
65 90
3 28
21 46
59 84
19 44
67 92
72 97
50 75
3 28
40 65
59 84
63 88
59 84
45 70
49 74
1 26
31 56
43 68
34 59
11 36
24 49
57 82
44 69
66 91
46 71
22 47
61 86
41 66
24 49
58 83
22 47
66 91
38 63
44 69
51 76
34 59
36 61
25 50
9 34
17 42
65 90
69 94
5 30
49 74
16 41
54 79
27 52
47 72
74 99
61 86
35 60
0 25
21 46
57 82
67 92
67 92
56 81
30 55
11 36
5 30
66 91
10 35
49 74
29 54
54 79
25 50
64 89
68 93
50 75
50 75
10 35
17 42
21 46
67 92
66 91
37 62
23 48
70 95
61 86
74 99
33 58
22 47
0 25
54 79
4 29
44 69
24 49
60 85
51 76
12 37
43 68
42 67
22 47
17 42
72 97
54 79
19 44
61 86
47 72
46 71
36 61
34 59
63 88
35 60
3 28
31 56
72 97
26 51
26 51
59 84
25 50
36 61
58 83
2 27
16 41
39 64
46 71
17 42
24 49
23 48
6 31
44 69
42 67
28 53
61 86
39 64
7 32
57 82
2 27
31 56
28 53
16 41
65 90
68 93
51 76
68 93
1 26
25 50
71 96
4 29
9 34
22 47
41 66
44 69
1 26
34 59
8 33
48 73
28 53
10 35
48 73
34 59
54 79
15 40
62 87
18 43
32 57
47 72
0 25
34 59
3 28
6 31
27 52
69 94
51 76
3 28
39 64
53 78
29 54
36 61
57 82
15 40
35 60
23 48
37 62
36 61
34 59
45 70
61 86
62 87
55 80
34 59
21 46
12 37
27 52
9 34
30 55
36 61
56 81
7 32
70 95
36 61
13 38
23 48
30 55
65 90
3 28
47 72
20 45
9 34
60 85
2 27
25 50
20 45
3 28
39 64
56 81
37 62
9 34
43 68
25 50
42 67
54 79
23 48
54 79
58 83
32 57
9 34
19 44
65 90
16 41
67 92
27 52
7 32
67 92
34 59
72 97
70 95
58 83
17 42
5 30
43 68
71 96
7 32
63 88
74 99
46 71
22 47
14 39
32 57
42 67
39 64
74 99
73 98
62 87
53 78
57 82
72 97
39 64
53 78
39 64
56 81
45 70
43 68
63 88
37 62
55 80
37 62
10 35
38 63
31 56
67 92
7 32
4 29
74 99
47 72
4 29
22 47
69 94
18 43
54 79
36 61
34 59
31 56
35 60
73 98
9 34
69 94
70 95
49 74
47 72
12 37
7 32
70 95
32 57
47 72
9 34
12 37
61 86
19 44
51 76
17 42
11 36
35 60
21 46
62 87
7 32
2 27
61 86
2 27
72 97
41 66
15 40
31 56
49 74
27 52
30 55
58 83
21 46
2 27
9 34
46 71
66 91
68 93
18 43
24 49
40 65
27 52
36 61
26 51
47 72
64 89
20 45
35 60
24 49
19 44
23 48
32 57
21 46
61 86
11 36
