7 57
33 83
30 80
21 71
23 73
36 86
19 69
34 84
22 72
43 93
32 82
29 79
33 83
27 77
48 98
25 75
47 97
22 72
32 82
8 58
19 69
10 60
16 66
40 90
13 63
27 77
36 86
27 77
10 60
37 87
43 93
17 67
22 72
25 75
38 88
47 97
11 61
9 59
33 83
36 86
5 55
16 66
15 65
38 88
45 95
16 66
15 65
44 94
40 90
47 97
4 54
9 59
9 59
20 70
49 99
25 75
0 50
36 86
2 52
10 60
25 75
47 97
27 77
49 99
23 73
17 67
47 97
36 86
28 78
30 80
22 72
35 85
48 98
40 90
25 75
44 94
6 56
41 91
38 88
46 96
40 90
43 93
5 55
0 50
15 65
6 56
25 75
15 65
44 94
29 79
25 75
21 71
27 77
4 54
21 71
2 52
21 71
20 70
38 88
2 52
0 50
13 63
37 87
1 51
3 53
13 63
45 95
11 61
6 56
33 83
7 57
46 96
28 78
14 64
48 98
44 94
20 70
25 75
9 59
17 67
5 55
37 87
38 88
34 84
41 91
11 61
36 86
15 65
31 81
26 76
19 69
34 84
41 91
6 56
35 85
44 94
21 71
30 80
7 57
27 77
15 65
14 64
26 76
44 94
30 80
24 74
40 90
1 51
2 52
1 51
20 70
7 57
38 88
8 58
43 93
32 82
20 70
31 81
49 99
3 53
9 59
18 68
39 89
1 51
26 76
24 74
47 97
48 98
6 56
5 55
27 77
24 74
21 71
3 53
18 68
2 52
30 80
10 60
5 55
32 82
11 61
25 75
41 91
2 52
35 85
36 86
36 86
7 57
17 67
35 85
11 61
28 78
3 53
0 50
29 79
29 79
27 77
29 79
29 79
33 83
34 84
7 57
7 57
5 55
12 62
27 77
9 59
42 92
37 87
14 64
26 76
1 51
39 89
19 69
3 53
25 75
5 55
39 89
32 82
24 74
26 76
45 95
3 53
31 81
46 96
34 84
10 60
23 73
13 63
42 92
8 58
49 99
49 99
18 68
7 57
11 61
45 95
16 66
6 56
35 85
31 81
32 82
38 88
20 70
4 54
43 93
47 97
9 59
34 84
30 80
34 84
10 60
27 77
39 89
41 91
23 73
25 75
3 53
48 98
39 89
45 95
9 59
40 90
46 96
27 77
47 97
8 58
24 74
14 64
16 66
11 61
45 95
0 50
49 99
17 67
4 54
42 92
15 65
14 64
26 76
47 97
0 50
36 86
24 74
41 91
29 79
0 50
16 66
33 83
48 98
7 57
28 78
9 59
48 98
25 75
36 86
47 97
35 85
11 61
11 61
3 53
24 74
8 58
3 53
24 74
26 76
8 58
16 66
43 93
24 74
45 95
40 90
26 76
33 83
16 66
19 69
13 63
16 66
35 85
48 98
17 67
45 95
28 78
26 76
45 95
3 53
15 65
42 92
40 90
28 78
6 56
43 93
2 52
14 64
49 99
26 76
40 90
7 57
45 95
33 83
33 83
42 92
25 75
11 61
25 75
42 92
30 80
40 90
10 60
15 65
38 88
27 77
12 62
17 67
6 56
7 57
22 72
21 71
2 52
15 65
49 99
8 58
8 58
1 51
24 74
9 59
30 80
15 65
16 66
25 75
0 50
1 51
17 67
28 78
12 62
44 94
22 72
42 92
35 85
32 82
10 60
23 73
12 62
24 74
40 90
18 68
34 84
15 65
39 89
36 86
30 80
40 90
46 96
38 88
41 91
20 70
48 98
21 71
37 87
16 66
48 98
40 90
20 70
15 65
18 68
34 84
12 62
40 90
27 77
47 97
22 72
39 89
20 70
34 84
13 63
13 63
4 54
47 97
28 78
43 93
35 85
8 58
35 85
33 83
48 98
27 77
4 54
48 98
0 50
43 93
17 67
49 99
33 83
39 89
16 66
3 53
23 73
28 78
43 93
2 52
27 77
18 68
41 91
48 98
4 54
7 57
13 63
9 59
6 56
41 91
4 54
42 92
1 51
40 90
25 75
1 51
19 69
31 81
0 50
19 69
25 75
19 69
20 70
10 60
8 58
39 89
14 64
31 81
19 69
9 59
34 84
47 97
27 77
27 77
47 97
32 82
34 84
10 60
41 91
41 91
3 53
47 97
35 85
6 56
37 87
10 60
7 57
6 56
44 94
9 59
28 78
21 71
28 78
48 98
31 81
36 86
39 89
47 97
20 70
9 59
