27.2152 37.2152
48.9525 58.9525
1.28981 11.2898
87.9058 97.9058
39.5435 49.5435
29.7272 39.7272
47.8908 57.8908
20.4306 30.4306
2.01237 12.0124
76.4308 86.4308
60.964 70.964
40.9858 50.9858
19.621 29.621
27.0826 37.0826
21.5249 31.5249
15.3342 25.3342
46.7344 56.7344
30.9421 40.9421
21.7851 31.7851
51.2108 61.2108
10.0029 20.0029
72.2999 82.2999
74.2815 84.2815
43.7672 53.7672
36.0407 46.0407
44.8796 54.8796
37.1657 47.1657
87.1491 97.1491
25.0881 35.0881
49.0611 59.0611
49.1423 59.1423
52.3033 62.3033
9.01352 19.0135
50.4321 60.4321
51.2091 61.2091
48.5571 58.5571
39.6037 49.6037
57.5443 67.5443
68.9876 78.9876
0.0605537 10.0606
43.9751 53.9751
89.3961 99.3961
41.0464 51.0464
63.5961 73.5961
26.4786 36.4786
22.0157 32.0157
78.9303 88.9303
74.213 84.213
52.9578 62.9578
59.1599 69.1599
83.8682 93.8682
63.9607 73.9607
41.4598 51.4598
69.1497 79.1497
66.1723 76.1723
36.9449 46.9449
24.0293 34.0293
13.3381 23.3381
82.5385 92.5385
50.1174 60.1174
63.3991 73.3991
41.6808 51.6808
12.4207 22.4207
72.4127 82.4127
2.11287 12.1129
22.0743 32.0743
30.9697 40.9697
0.161055 10.1611
79.6186 89.6186
59.4018 69.4018
0.221608 10.2216
83.0382 93.0382
58.7979 68.7979
42.268 52.268
56.6342 66.6342
85.2765 95.2765
64.2837 74.2837
5.00902 15.009
27.934 37.934
75.6859 85.6859
64.1689 74.1689
71.2467 81.2467
8.09106 18.0911
65.0731 75.0731
50.3964 60.3964
74.2634 84.2634
12.018 22.018
74.4257 84.4257
88.6014 98.6014
53.001 63.001
82.9875 92.9875
62.0006 72.0006
4.68173 14.6817
54.8527 64.8527
44.4132 54.4132
55.239 65.239
35.3714 45.3714
33.8274 43.8274
56.4001 66.4001
25.99 35.99
3.22922 13.2292
56.6217 66.6217
19.0282 29.0282
20.4715 30.4715
8.88967 18.8897
34.1069 44.1069
65.1925 75.1925
31.6178 41.6178
87.5604 97.5604
51.5709 61.5709
18.3038 28.3038
21.1737 31.1737
32.8176 42.8176
26.3948 36.3948
86.2468 96.2468
83.214 93.214
11.6582 21.6582
56.7093 66.7093
27.0841 37.0841
10.2596 20.2596
19.7102 29.7102
68.516 78.516
72.2602 82.2602
24.392 34.392
33.3687 43.3687
75.1179 85.1179
38.0755 48.0755
69.7401 79.7401
67.3898 77.3898
4.47555 14.4756
54.1746 64.1746
30.0634 40.0634
20.5417 30.5417
31.6472 41.6472
50.535 60.535
29.4314 39.4314
24.1986 34.1986
25.7275 35.7275
20.4936 30.4936
22.7589 32.7589
78.2985 88.2985
38.7974 48.7974
43.9326 53.9326
69.5605 79.5605
65.1922 75.1922
40.1794 50.1794
63.7745 73.7745
35.2948 45.2948
55.3332 65.3332
49.303 59.303
45.5545 55.5545
75.0434 85.0434
27.819 37.819
76.2592 86.2592
57.8798 67.8798
20.6322 30.6322
19.8215 29.8215
54.3997 64.3997
0.372314 10.3723
88.2113 98.2113
59.8753 69.8753
12.9914 22.9914
28.2747 38.2747
80.417 90.417
3.08306 13.0831
37.2542 47.2542
68.2928 78.2928
27.2816 37.2816
63.9817 73.9817
47.2308 57.2308
50.0406 60.0406
10.7246 20.7246
86.0282 96.0282
3.9732 13.9732
80.2851 90.2851
20.6648 30.6648
2.59707 12.5971
12.504 22.504
55.9597 65.9597
57.9302 67.9302
20.2515 30.2515
60.9586 70.9586
1.41807 11.4181
49.0705 59.0705
5.6622 15.6622
17.7423 27.7423
69.7027 79.7027
74.9282 84.9282
73.142 83.142
28.5195 38.5195
73.1395 83.1395
1.46173 11.4617
89.9553 99.9553
59.8586 69.8586
40.3231 50.3231
3.03832 13.0383
7.11284 17.1128
67.0604 77.0604
30.32 40.32
29.539 39.539
25.2912 35.2912
81.3605 91.3605
88.708 98.708
21.3194 31.3194
43.7782 53.7782
38.4376 48.4376
0.428698 10.4287
47.3752 57.3752
50.9416 60.9416
15.8328 25.8328
63.7499 73.7499
72.1931 82.1931
35.2359 45.2359
24.6124 34.6124
79.708 89.708
40.8981 50.8981
42.3548 52.3548
17.8552 27.8552
74.2707 84.2707
73.9412 83.9412
46.3746 56.3746
57.4101 67.4101
75.403 85.403
4.77432 14.7743
75.7132 85.7132
74.1706 84.1706
7.81264 17.8126
42.2705 52.2705
52.2309 62.2309
38.1326 48.1326
71.8095 81.8095
77.5221 87.5221
77.9376 87.9376
71.5175 81.5175
57.286 67.286
32.7157 42.7157
19.9551 29.9551
17.1591 27.1591
38.5354 48.5354
29.3412 39.3412
32.9919 42.9919
12.2854 22.2854
59.9787 69.9787
68.2278 78.2278
85.3422 95.3422
8.13114 18.1311
67.5703 77.5703
38.697 48.697
25.9863 35.9863
52.841 62.841
71.0827 81.0827
30.8054 40.8054
68.6955 78.6955
57.4856 67.4856
35.5797 45.5797
55.4088 65.4088
41.6562 51.6562
43.3923 53.3923
7.67926 17.6793
52.3316 62.3316
40.9694 50.9694
37.9332 47.9332
39.8537 49.8537
77.3514 87.3514
19.4507 29.4507
56.5841 66.5841
68.5116 78.5116
87.8503 97.8503
73.7431 83.7431
17.047 27.047
76.6359 86.6359
16.7351 26.7351
78.7768 88.7768
5.05898 15.059
43.4073 53.4073
74.1191 84.1191
14.1901 24.1901
20.9776 30.9776
71.2605 81.2605
40.1764 50.1764
73.8186 83.8186
53.3432 63.3432
71.9818 81.9818
53.5141 63.5141
69.2733 79.2733
66.0059 76.0059
67.3673 77.3673
20.9295 30.9295
20.3982 30.3982
33.491 43.491
74.261 84.261
19.8121 29.8121
71.4242 81.4242
72.5591 82.5591
55.6079 65.6079
50.3194 60.3194
87.5876 97.5876
35.1195 45.1195
6.61408 16.6141
71.3308 81.3308
52.1665 62.1665
83.2499 93.2499
46.5103 56.5103
89.3878 99.3878
89.3089 99.3089
89.9176 99.9176
74.5068 84.5068
13.499 23.499
21.8952 31.8952
14.2118 24.2118
12.1199 22.1199
54.1582 64.1582
67.5549 77.5549
84.1017 94.1017
66.1167 76.1167
46.8282 56.8282
61.1076 71.1076
43.484 53.484
27.2021 37.2021
39.9503 49.9503
76.9751 86.9751
59.9076 69.9076
18.2068 28.2068
59.3993 69.3993
0.911148 10.9111
73.8147 83.8147
68.1631 78.1631
89.4988 99.4988
18.9342 28.9342
74.7772 84.7772
29.274 39.274
30.5452 40.5452
27.4715 37.4715
76.7842 86.7842
78.3774 88.3774
26.7805 36.7805
35.1463 45.1463
21.3287 31.3287
88.7239 98.7239
57.0414 67.0414
36.5404 46.5404
10.8438 20.8438
70.644 80.644
62.5398 72.5398
54.39 64.39
46.7607 56.7607
20.368 30.368
25.4976 35.4976
1.24478 11.2448
6.01457 16.0146
23.8923 33.8923
36.6643 46.6643
24.3666 34.3666
42.0992 52.0992
54.508 64.508
25.2777 35.2777
74.3583 84.3583
32.6711 42.6711
24.7765 34.7765
4.29256 14.2926
18.4483 28.4483
55.0505 65.0505
83.2822 93.2822
4.36427 14.3643
0.279171 10.2792
71.6596 81.6596
31.1447 41.1447
35.4254 45.4254
3.98825 13.9882
78.3131 88.3131
51.9113 61.9113
88.9731 98.9731
89.157 99.157
32.5553 42.5553
61.5129 71.5129
53.5469 63.5469
79.316 89.316
40.3254 50.3254
37.489 47.489
39.0053 49.0053
46.3399 56.3399
61.3813 71.3813
76.6696 86.6696
29.151 39.151
61.9249 71.9249
41.1776 51.1776
55.4287 65.4287
47.2833 57.2833
33.2931 43.2931
38.6497 48.6497
10.0203 20.0203
10.1858 20.1858
52.1446 62.1446
51.7469 61.7469
14.5501 24.5501
52.4238 62.4238
33.4065 43.4065
4.13928 14.1393
88.8492 98.8492
85.8392 95.8392
82.4524 92.4524
9.20494 19.2049
43.2567 53.2567
40.0538 50.0538
41.7602 51.7602
15.7696 25.7696
53.0452 63.0452
79.5207 89.5207
56.095 66.095
0.53412 10.5341
29.526 39.526
61.8794 71.8794
21.3599 31.3599
16.1956 26.1956
1.03039 11.0304
41.7292 51.7292
15.8176 25.8176
14.9036 24.9036
47.4569 57.4569
49.1107 59.1107
54.5533 64.5533
57.4772 67.4772
59.2965 69.2965
16.6979 26.6979
19.2241 29.2241
73.8467 83.8467
70.1217 80.1217
12.075 22.075
77.9859 87.9859
27.4153 37.4153
56.3586 66.3586
28.8828 38.8828
36.6203 46.6203
10.6153 20.6153
69.9366 79.9366
36.825 46.825
74.8294 84.8294
32.9817 42.9817
26.3457 36.3457
89.3688 99.3688
81.9603 91.9603
55.8717 65.8717
61.2483 71.2483
61.7646 71.7646
30.5117 40.5117
21.7231 31.7231
62.9383 72.9383
5.77377 15.7738
85.0711 95.0711
20.3952 30.3952
54.8845 64.8845
49.6244 59.6244
37.3168 47.3168
73.6255 83.6255
67.3222 77.3222
56.5409 66.5409
15.9166 25.9166
5.88836 15.8884
27.0603 37.0603
53.3469 63.3469
81.7481 91.7481
42.8633 52.8633
82.2297 92.2297
76.8129 86.8129
11.9231 21.9231
62.1663 72.1663
23.6378 33.6378
86.7525 96.7525
53.5924 63.5924
49.9835 59.9835
86.1213 96.1213
4.99715 14.9971
65.2997 75.2997
16.814 26.814
25.2062 35.2062
54.2558 64.2558
86.9816 96.9816
88.1444 98.1444
60.0296 70.0296
82.0527 92.0527
19.5396 29.5396
74.3585 84.3585
42.677 52.677
15.3009 25.3009
57.984 67.984
68.4437 78.4437
30.2862 40.2862
32.345 42.345
32.7765 42.7765
58.3465 68.3465
85.692 95.692
24.5247 34.5247
59.6543 69.6543
78.9217 88.9217
59.782 69.782
71.5774 81.5774
9.53239 19.5324
83.4198 93.4198
26.7743 36.7743
22.5693 32.5693
