56 81
26 51
53 78
47 72
51 76
52 77
47 72
74 99
23 48
37 62
23 48
56 81
31 56
59 84
63 88
16 41
55 80
14 39
57 82
26 51
52 77
21 46
24 49
8 33
52 77
39 64
45 70
37 62
30 55
50 75
28 53
64 89
1 26
7 32
36 61
52 77
59 84
9 34
51 76
59 84
46 71
51 76
18 43
54 79
35 60
58 83
48 73
68 93
72 97
7 32
71 96
26 51
6 31
20 45
34 59
58 83
60 85
4 29
20 45
15 40
55 80
26 51
4 29
33 58
33 58
18 43
63 88
69 94
4 29
39 64
30 55
27 52
68 93
48 73
58 83
28 53
31 56
31 56
73 98
29 54
16 41
69 94
32 57
22 47
15 40
67 92
5 30
52 77
71 96
2 27
67 92
28 53
28 53
49 74
39 64
38 63
44 69
27 52
32 57
48 73
43 68
40 65
0 25
36 61
13 38
58 83
42 67
22 47
67 92
40 65
28 53
8 33
12 37
60 85
7 32
27 52
52 77
12 37
4 29
26 51
14 39
48 73
31 56
20 45
74 99
70 95
58 83
43 68
22 47
68 93
68 93
66 91
33 58
45 70
4 29
23 48
6 31
46 71
45 70
50 75
64 89
50 75
35 60
1 26
36 61
42 67
5 30
65 90
31 56
61 86
68 93
22 47
11 36
25 50
42 67
11 36
72 97
3 28
31 56
72 97
71 96
2 27
63 88
6 31
24 49
67 92
29 54
30 55
16 41
52 77
57 82
5 30
27 52
17 42
58 83
40 65
59 84
63 88
8 33
67 92
26 51
1 26
15 40
37 62
3 28
57 82
48 73
53 78
37 62
57 82
50 75
33 58
59 84
38 63
39 64
8 33
7 32
46 71
16 41
0 25
23 48
73 98
57 82
27 52
68 93
40 65
45 70
52 77
5 30
53 78
45 70
31 56
31 56
37 62
69 94
12 37
19 44
19 44
65 90
57 82
53 78
40 65
67 92
14 39
55 80
9 34
0 25
39 64
55 80
16 41
17 42
55 80
66 91
74 99
7 32
59 84
17 42
29 54
14 39
22 47
59 84
36 61
31 56
68 93
73 98
2 27
5 30
69 94
73 98
47 72
28 53
52 77
64 89
73 98
43 68
44 69
7 32
43 68
60 85
39 64
36 61
2 27
19 44
5 30
2 27
3 28
41 66
71 96
10 35
55 80
18 43
69 94
68 93
26 51
62 87
43 68
28 53
44 69
15 40
4 29
16 41
43 68
33 58
5 30
18 43
1 26
26 51
25 50
45 70
12 37
41 66
58 83
14 39
37 62
63 88
68 93
18 43
30 55
64 89
28 53
62 87
60 85
22 47
33 58
11 36
62 87
1 26
17 42
31 56
16 41
73 98
48 73
37 62
31 56
53 78
32 57
32 57
5 30
35 60
54 79
69 94
1 26
15 40
60 85
39 64
3 28
54 79
57 82
10 35
20 45
62 87
50 75
5 30
9 34
8 33
69 94
48 73
61 86
63 88
5 30
55 80
61 86
53 78
69 94
69 94
8 33
26 51
26 51
65 90
61 86
58 83
59 84
40 65
73 98
45 70
4 29
53 78
24 49
38 63
41 66
21 46
2 27
16 41
4 29
63 88
1 26
50 75
37 62
39 64
15 40
42 67
19 44
1 26
72 97
13 38
47 72
5 30
17 42
73 98
71 96
55 80
33 58
55 80
20 45
31 56
25 50
1 26
10 35
26 51
39 64
28 53
25 50
18 43
44 69
29 54
7 32
22 47
4 29
44 69
61 86
19 44
11 36
58 83
72 97
60 85
48 73
44 69
65 90
65 90
19 44
61 86
46 71
53 78
19 44
66 91
61 86
21 46
68 93
48 73
25 50
9 34
1 26
50 75
28 53
22 47
4 29
35 60
44 69
60 85
56 81
8 33
56 81
44 69
66 91
53 78
29 54
39 64
74 99
71 96
7 32
70 95
35 60
30 55
48 73
54 79
73 98
12 37
52 77
66 91
60 85
2 27
53 78
62 87
52 77
58 83
9 34
33 58
70 95
54 79
70 95
51 76
39 64
51 76
72 97
30 55
6 31
26 51
46 71
57 82
22 47
30 55
53 78
34 59
60 85
3 28
13 38
59 84
15 40
43 68
27 52
53 78
45 70
5 30
40 65
0 25
40 65
49 74
10 35
35 60
5 30
6 31
63 88
21 46
34 59
60 85
51 76
18 43
63 88
0 25
0 25
