49 99
15 65
46 96
0 50
5 55
46 96
7 57
2 52
20 70
28 78
49 99
20 70
14 64
46 96
8 58
1 51
8 58
20 70
21 71
33 83
13 63
0 50
6 56
39 89
47 97
21 71
20 70
29 79
22 72
32 82
39 89
21 71
47 97
37 87
23 73
4 54
34 84
31 81
8 58
6 56
9 59
8 58
26 76
25 75
6 56
36 86
26 76
17 67
7 57
0 50
0 50
22 72
0 50
7 57
14 64
47 97
30 80
34 84
28 78
3 53
18 68
17 67
26 76
16 66
6 56
0 50
22 72
40 90
31 81
33 83
49 99
42 92
41 91
25 75
18 68
49 99
12 62
46 96
16 66
21 71
46 96
19 69
43 93
48 98
28 78
9 59
47 97
10 60
44 94
25 75
15 65
14 64
42 92
42 92
30 80
49 99
42 92
5 55
41 91
25 75
38 88
40 90
19 69
31 81
18 68
39 89
30 80
30 80
36 86
49 99
3 53
34 84
20 70
48 98
33 83
48 98
8 58
30 80
8 58
4 54
6 56
26 76
18 68
0 50
18 68
1 51
1 51
12 62
6 56
45 95
39 89
46 96
35 85
8 58
27 77
5 55
48 98
9 59
35 85
34 84
8 58
40 90
20 70
30 80
39 89
3 53
28 78
47 97
36 86
39 89
1 51
44 94
15 65
21 71
46 96
35 85
22 72
48 98
47 97
30 80
43 93
36 86
26 76
30 80
44 94
5 55
36 86
44 94
15 65
23 73
30 80
25 75
14 64
1 51
6 56
5 55
6 56
34 84
2 52
44 94
25 75
5 55
38 88
40 90
26 76
35 85
25 75
1 51
35 85
24 74
31 81
30 80
10 60
8 58
12 62
7 57
13 63
48 98
3 53
28 78
24 74
34 84
6 56
40 90
37 87
12 62
45 95
43 93
48 98
49 99
40 90
24 74
4 54
28 78
16 66
32 82
15 65
42 92
33 83
2 52
18 68
15 65
32 82
29 79
25 75
45 95
38 88
40 90
45 95
43 93
21 71
21 71
27 77
27 77
11 61
14 64
39 89
6 56
10 60
39 89
7 57
0 50
13 63
11 61
30 80
30 80
46 96
48 98
24 74
29 79
0 50
42 92
46 96
35 85
23 73
23 73
32 82
13 63
14 64
29 79
7 57
35 85
1 51
36 86
12 62
12 62
1 51
3 53
21 71
13 63
42 92
28 78
15 65
8 58
42 92
47 97
40 90
38 88
45 95
16 66
19 69
48 98
8 58
18 68
35 85
34 84
41 91
17 67
47 97
7 57
46 96
6 56
42 92
47 97
43 93
6 56
12 62
46 96
11 61
35 85
9 59
6 56
15 65
26 76
16 66
7 57
23 73
6 56
47 97
21 71
22 72
17 67
19 69
32 82
37 87
4 54
18 68
30 80
23 73
18 68
38 88
19 69
24 74
32 82
19 69
17 67
39 89
33 83
15 65
2 52
18 68
26 76
8 58
35 85
2 52
24 74
43 93
26 76
32 82
40 90
49 99
6 56
9 59
18 68
39 89
48 98
24 74
9 59
29 79
47 97
27 77
19 69
18 68
4 54
1 51
39 89
23 73
42 92
22 72
39 89
45 95
42 92
15 65
5 55
28 78
18 68
30 80
23 73
46 96
12 62
15 65
45 95
21 71
25 75
15 65
10 60
25 75
39 89
21 71
4 54
38 88
1 51
25 75
6 56
5 55
27 77
46 96
28 78
21 71
20 70
19 69
18 68
15 65
35 85
24 74
45 95
5 55
6 56
18 68
3 53
20 70
33 83
0 50
41 91
10 60
15 65
1 51
36 86
6 56
25 75
42 92
44 94
26 76
18 68
2 52
31 81
47 97
48 98
11 61
18 68
21 71
33 83
37 87
36 86
18 68
11 61
31 81
25 75
17 67
1 51
30 80
37 87
34 84
30 80
29 79
45 95
47 97
32 82
33 83
3 53
9 59
25 75
49 99
35 85
45 95
1 51
18 68
42 92
2 52
32 82
11 61
25 75
15 65
0 50
11 61
35 85
11 61
44 94
12 62
30 80
45 95
42 92
19 69
31 81
22 72
48 98
28 78
21 71
33 83
11 61
24 74
42 92
39 89
25 75
30 80
36 86
28 78
48 98
29 79
30 80
30 80
42 92
7 57
47 97
42 92
18 68
32 82
5 55
14 64
44 94
35 85
9 59
36 86
4 54
43 93
10 60
5 55
21 71
31 81
40 90
